5000 206.99 -3.4592 0.0267324 -3.43247
10000 213.692 -3.45852 0.027598 -3.43092
15000 224.407 -3.45717 0.0289818 -3.42819
20000 233.621 -3.4558 0.0301718 -3.42563
25000 243.803 -3.45448 0.0314868 -3.423
30000 254.207 -3.45313 0.0328305 -3.4203
35000 263.949 -3.45178 0.0340885 -3.4177
40000 273.298 -3.45044 0.035296 -3.41514
45000 283.773 -3.44898 0.0366489 -3.41233
50000 293.722 -3.44767 0.0379337 -3.40973
55000 303.638 -3.44622 0.0392144 -3.40701
60000 315.129 -3.44461 0.0406984 -3.40391
65000 325.24 -3.44328 0.0420042 -3.40127
70000 333.925 -3.44195 0.0431259 -3.39883
75000 343.751 -3.44051 0.0443949 -3.39611
80000 352.874 -3.43917 0.0455732 -3.3936
85000 361.316 -3.43794 0.0466634 -3.39127
90000 371.841 -3.4364 0.0480227 -3.38838
95000 384.009 -3.43474 0.0495941 -3.38514
100000 393.955 -3.43344 0.0508787 -3.38256
105000 402.485 -3.43184 0.0519803 -3.37986
110000 412.416 -3.4303 0.0532629 -3.37704
115000 421.509 -3.42924 0.0544372 -3.3748
120000 432.372 -3.42768 0.0558402 -3.37184
125000 443.622 -3.42612 0.0572931 -3.36883
130000 452.671 -3.4248 0.0584617 -3.36633
135000 461.336 -3.42322 0.0595809 -3.36363
140000 473.38 -3.4217 0.0611362 -3.36056
145000 484.977 -3.42032 0.0626341 -3.35768
150000 494.797 -3.41936 0.0639022 -3.35546
155000 505.256 -3.41828 0.065253 -3.35302
160000 513.724 -3.41636 0.0663467 -3.35001
165000 522.641 -3.41501 0.0674982 -3.34751
170000 531.625 -3.41428 0.0686586 -3.34562
175000 542.364 -3.41377 0.0700454 -3.34373
180000 551.185 -3.41306 0.0711847 -3.34188
185000 562.646 -3.41153 0.0726649 -3.33887
190000 576.753 -3.41014 0.0744867 -3.33566
195000 586.667 -3.40858 0.0757672 -3.33282
200000 595.141 -3.40732 0.0768615 -3.33046
205000 602.603 -3.40663 0.0778252 -3.32881
210000 614.054 -3.40591 0.0793041 -3.3266
215000 625.17 -3.4053 0.0807397 -3.32456
220000 633.828 -3.40376 0.0818578 -3.3219
225000 646.127 -3.40268 0.0834463 -3.31923
230000 658.393 -3.40257 0.0850305 -3.31754
235000 666.352 -3.40175 0.0860584 -3.31569
240000 673.724 -3.40023 0.0870104 -3.31322
245000 683 -3.39876 0.0882084 -3.31055
250000 689.337 -3.39791 0.0890268 -3.30888
255000 699.684 -3.39656 0.0903631 -3.30619
260000 713.546 -3.39545 0.0921534 -3.30329
265000 723.587 -3.39466 0.0934501 -3.30121
270000 734.111 -3.39267 0.0948093 -3.29786
275000 744.666 -3.39173 0.0961724 -3.29556
280000 756.857 -3.39101 0.0977469 -3.29326
285000 765.737 -3.3892 0.0988937 -3.29031
290000 770.336 -3.38802 0.0994877 -3.28853
295000 784.44 -3.38769 0.101309 -3.28638
300000 796.514 -3.38854 0.102869 -3.28567
305000 801.497 -3.38935 0.103512 -3.28584
310000 809.538 -3.38945 0.104551 -3.2849
315000 820.247 -3.39029 0.105934 -3.28436
320000 836.451 -3.39077 0.108026 -3.28274
325000 848.495 -3.38979 0.109582 -3.28021
330000 855.536 -3.39017 0.110491 -3.27968
335000 864.163 -3.39171 0.111605 -3.28011
340000 873.754 -3.39324 0.112844 -3.2804
345000 882.569 -3.39427 0.113982 -3.28028
350000 894.528 -3.39398 0.115527 -3.27846
355000 905.491 -3.39793 0.116943 -3.28098
360000 910.893 -3.40803 0.11764 -3.29039
365000 921.885 -3.41892 0.11906 -3.29986
370000 934.681 -3.43055 0.120713 -3.30984
375000 939.989 -3.44108 0.121398 -3.31968
380000 951.339 -3.44822 0.122864 -3.32535
385000 966.104 -3.45373 0.124771 -3.32896
390000 973.677 -3.46032 0.125749 -3.33457
395000 984.499 -3.46827 0.127146 -3.34112
400000 997.543 -3.47313 0.128831 -3.3443
405000 1006.04 -3.47778 0.129929 -3.34785
410000 1012.05 -3.4849 0.130705 -3.3542
415000 1020.57 -3.48945 0.131806 -3.35765
420000 1031.26 -3.49064 0.133186 -3.35745
425000 1046.27 -3.49348 0.135124 -3.35835
430000 1058.89 -3.49772 0.136754 -3.36096
435000 1062.99 -3.49831 0.137284 -3.36103
440000 1073.92 -3.49825 0.138695 -3.35955
445000 1085.69 -3.50194 0.140215 -3.36172
450000 1095.4 -3.50612 0.141469 -3.36465
455000 1108.06 -3.50767 0.143104 -3.36456
460000 1115.4 -3.50822 0.144053 -3.36417
465000 1125.93 -3.50956 0.145412 -3.36415
470000 1133.39 -3.50888 0.146376 -3.36251
475000 1141.23 -3.50683 0.147388 -3.35944
480000 1151.92 -3.50572 0.148769 -3.35695
485000 1157.86 -3.50369 0.149535 -3.35416
490000 1171.11 -3.50342 0.151247 -3.35218
495000 1178.3 -3.50338 0.152176 -3.35121
500000 1184.8 -3.50066 0.153015 -3.34765
505000 1203.74 -3.49946 0.155461 -3.344
510000 1217.14 -3.50208 0.157191 -3.34488
515000 1223.88 -3.50127 0.158063 -3.3432
520000 1225.72 -3.49839 0.158299 -3.34009
525000 1235.21 -3.49636 0.159525 -3.33683
530000 1250.79 -3.49285 0.161538 -3.33131
535000 1261.4 -3.48931 0.162907 -3.32641
540000 1270.73 -3.48542 0.164113 -3.32131
545000 1288.03 -3.4834 0.166347 -3.31705
550000 1297.42 -3.47891 0.16756 -3.31135
555000 1302.08 -3.47539 0.168162 -3.30722
560000 1315.75 -3.47197 0.169927 -3.30204
565000 1324.1 -3.47159 0.171005 -3.30058
570000 1330.15 -3.47092 0.171787 -3.29913
575000 1341.33 -3.46672 0.17323 -3.29349
580000 1352.61 -3.46444 0.174687 -3.28975
585000 1363.43 -3.46246 0.176084 -3.28638
590000 1377.6 -3.45971 0.177914 -3.28179
595000 1389.02 -3.4553 0.179389 -3.27591
600000 1402.15 -3.45258 0.181085 -3.2715
605000 1408.14 -3.4486 0.18186 -3.26674
610000 1415.34 -3.44674 0.182789 -3.26395
615000 1419.21 -3.44611 0.183289 -3.26282
620000 1424.23 -3.43981 0.183936 -3.25587
625000 1440.66 -3.43587 0.186059 -3.24981
630000 1449.23 -3.43709 0.187166 -3.24993
635000 1455.74 -3.4356 0.188006 -3.24759
640000 1463.44 -3.4319 0.189001 -3.2429
645000 1473.82 -3.42944 0.190341 -3.2391
650000 1492.34 -3.4253 0.192734 -3.23257